7
images/t1.bmp
images/t2.bmp
images/t3.bmp
images/t4.bmp
images/t5.bmp
images/t6.bmp
images/t7.bmp
13

2
0.0  -1.0 0.0
0.0  0.0  -1.0  -1.0  -2.0     
0.0  1.0  -1.0  -1.0  0.0     
1.0  1.0  1.0  -1.0  0.0   
0.0  -1.0 0.0  
0.0  0.0  -1.0  -1.0  -2.0     
1.0  0.0  1.0  -1.0  -2.0     
1.0  1.0  1.0  -1.0  0.0

6
0.0  0.0 1.0 
0.0  0.0   -1.0  1.0  0.0     
0.0  1.0 -1.0  -1.0  0.0     
1.0  1.0 1.0  -1.0  0.0 
0.0  0.0 1.0    
0.0  0.0 -1.0  1.0  0.0     
1.0  0.0 1.0  1.0  0.0     
1.0  1.0 1.0  -1.0  0.0     

0.0  0.0 -1.0    
1.0  0.0 -1.0  1.0  -2.0     
1.0  1.0 -1.0  -1.0  -2.0     
0.0  1.0 1.0  -1.0  -2.0 
0.0  0.0 -1.0       
1.0  0.0 -1.0  1.0  -2.0     
0.0  0.0 1.0  1.0  -2.0     
0.0  1.0 1.0  -1.0  -2.0

0.0  -1.0 0.0
0.0  0.0  -1.0  -1.0  -2.0     
0.0  1.0  -1.0  -1.0  0.0     
1.0  1.0  1.0  -1.0  0.0   
0.0  -1.0 0.0  
0.0  0.0  -1.0  -1.0  -2.0     
1.0  0.0  1.0  -1.0  -2.0     
1.0  1.0  1.0  -1.0  0.0 

6
0.0  0.0 -1.0    
1.0  0.0 -1.0  1.0  -2.0     
1.0  1.0 -1.0  -1.0  -2.0     
0.0  1.0 1.0  -1.0  -2.0 
0.0  0.0 -1.0       
1.0  0.0 -1.0  1.0  -2.0     
0.0  0.0 1.0  1.0  -2.0     
0.0  1.0 1.0  -1.0  -2.0  

1.0  0.0 0.0 
0.0  0.0 -1.0  1.0  -2.0     
0.0  1.0 -1.0  -1.0  -2.0     
1.0  1.0 -1.0  -1.0  0.0
1.0  0.0 0.0      
0.0  0.0 -1.0  1.0  -2.0     
1.0  0.0 -1.0  1.0  0.0     
1.0  1.0 -1.0  -1.0  0.0

0.0  -1.0 0.0
0.0  0.0  -1.0  -1.0  -2.0     
0.0  1.0  -1.0  -1.0  0.0     
1.0  1.0  1.0  -1.0  0.0   
0.0  -1.0 0.0  
0.0  0.0  -1.0  -1.0  -2.0     
1.0  0.0  1.0  -1.0  -2.0     
1.0  1.0  1.0  -1.0  0.0   

6
1.0  0.0 0.0 
0.0  0.0 -1.0  1.0  -2.0     
0.0  1.0 -1.0  -1.0  -2.0     
1.0  1.0 -1.0  -1.0  0.0
1.0  0.0 0.0      
0.0  0.0 -1.0  1.0  -2.0     
1.0  0.0 -1.0  1.0  0.0     
1.0  1.0 -1.0  -1.0  0.0 
    
-1.0  0.0 0.0		
1.0  0.0 1.0  1.0  -2.0     
1.0  1.0 1.0  -1.0  -2.0     
0.0  1.0 1.0  -1.0  0.0   
-1.0  0.0 0.0 
1.0  0.0 1.0  1.0  -2.0     
0.0  0.0 1.0  1.0  0.0     
0.0  1.0 1.0  -1.0  0.0
0.0  -1.0 0.0
0.0  0.0  -1.0  -1.0  -2.0     
0.0  1.0  -1.0  -1.0  0.0     
1.0  1.0  1.0  -1.0  0.0   
0.0  -1.0 0.0  
0.0  0.0  -1.0  -1.0  -2.0     
1.0  0.0  1.0  -1.0  -2.0     
1.0  1.0  1.0  -1.0  0.0 
  
6
0.0  0.0 -1.0    
1.0  0.0 -1.0  1.0  -2.0     
1.0  1.0 -1.0  -1.0  -2.0     
0.0  1.0 1.0  -1.0  -2.0 
0.0  0.0 -1.0       
1.0  0.0 -1.0  1.0  -2.0     
0.0  0.0 1.0  1.0  -2.0     
0.0  1.0 1.0  -1.0  -2.0

-1.0  0.0 0.0		
1.0  0.0 1.0  1.0  -2.0     
1.0  1.0 1.0  -1.0  -2.0     
0.0  1.0 1.0  -1.0  0.0   
-1.0  0.0 0.0 
1.0  0.0 1.0  1.0  -2.0     
0.0  0.0 1.0  1.0  0.0     
0.0  1.0 1.0  -1.0  0.0 

0.0  -1.0 0.0
0.0  0.0  -1.0  -1.0  -2.0     
0.0  1.0  -1.0  -1.0  0.0     
1.0  1.0  1.0  -1.0  0.0   
0.0  -1.0 0.0  
0.0  0.0  -1.0  -1.0  -2.0     
1.0  0.0  1.0  -1.0  -2.0     
1.0  1.0  1.0  -1.0  0.0  

6
0.0  0.0 1.0 
0.0  0.0   -1.0  1.0  0.0     
0.0  1.0 -1.0  -1.0  0.0     
1.0  1.0 1.0  -1.0  0.0 
0.0  0.0 1.0    
0.0  0.0 -1.0  1.0  0.0     
1.0  0.0 1.0  1.0  0.0     
1.0  1.0 1.0  -1.0  0.0 

1.0  0.0 0.0 
0.0  0.0 -1.0  1.0  -2.0     
0.0  1.0 -1.0  -1.0  -2.0     
1.0  1.0 -1.0  -1.0  0.0
1.0  0.0 0.0      
0.0  0.0 -1.0  1.0  -2.0     
1.0  0.0 -1.0  1.0  0.0     
1.0  1.0 -1.0  -1.0  0.0
0.0  -1.0 0.0
0.0  0.0  -1.0  -1.0  -2.0     
0.0  1.0  -1.0  -1.0  0.0     
1.0  1.0  1.0  -1.0  0.0   
0.0  -1.0 0.0  
0.0  0.0  -1.0  -1.0  -2.0     
1.0  0.0  1.0  -1.0  -2.0     
1.0  1.0  1.0  -1.0  0.0  

6
0.0  0.0 1.0 
0.0  0.0   -1.0  1.0  0.0     
0.0  1.0 -1.0  -1.0  0.0     
1.0  1.0 1.0  -1.0  0.0 
0.0  0.0 1.0    
0.0  0.0 -1.0  1.0  0.0     
1.0  0.0 1.0  1.0  0.0     
1.0  1.0 1.0  -1.0  0.0

-1.0  0.0 0.0		
1.0  0.0 1.0  1.0  -2.0     
1.0  1.0 1.0  -1.0  -2.0     
0.0  1.0 1.0  -1.0  0.0   
-1.0  0.0 0.0 
1.0  0.0 1.0  1.0  -2.0     
0.0  0.0 1.0  1.0  0.0     
0.0  1.0 1.0  -1.0  0.0

0.0  -1.0 0.0
0.0  0.0  -1.0  -1.0  -2.0     
0.0  1.0  -1.0  -1.0  0.0     
1.0  1.0  1.0  -1.0  0.0   
0.0  -1.0 0.0  
0.0  0.0  -1.0  -1.0  -2.0     
1.0  0.0  1.0  -1.0  -2.0     
1.0  1.0  1.0  -1.0  0.0 

8
0.0  0.0 1.0 
0.0  0.0   -1.0  1.0  0.0     
0.0  1.0 -1.0  -1.0  0.0     
1.0  1.0 1.0  -1.0  0.0 
0.0  0.0 1.0    
0.0  0.0 -1.0  1.0  0.0     
1.0  0.0 1.0  1.0  0.0     
1.0  1.0 1.0  -1.0  0.0 

1.0  0.0 0.0 
0.0  0.0 -1.0  1.0  -2.0     
0.0  1.0 -1.0  -1.0  -2.0     
1.0  1.0 -1.0  -1.0  0.0
1.0  0.0 0.0      
0.0  0.0 -1.0  1.0  -2.0     
1.0  0.0 -1.0  1.0  0.0     
1.0  1.0 -1.0  -1.0  0.0 
    
-1.0  0.0 0.0		
1.0  0.0 1.0  1.0  -2.0     
1.0  1.0 1.0  -1.0  -2.0     
0.0  1.0 1.0  -1.0  0.0   
-1.0  0.0 0.0 
1.0  0.0 1.0  1.0  -2.0     
0.0  0.0 1.0  1.0  0.0     
0.0  1.0 1.0  -1.0  0.0
0.0  -1.0 0.0
0.0  0.0  -1.0  -1.0  -2.0     
0.0  1.0  -1.0  -1.0  0.0     
1.0  1.0  1.0  -1.0  0.0   
0.0  -1.0 0.0  
0.0  0.0  -1.0  -1.0  -2.0     
1.0  0.0  1.0  -1.0  -2.0     
1.0  1.0  1.0  -1.0  0.0  

8
0.0  0.0 -1.0    
1.0  0.0 -1.0  1.0  -2.0     
1.0  1.0 -1.0  -1.0  -2.0     
0.0  1.0 1.0  -1.0  -2.0 
0.0  0.0 -1.0       
1.0  0.0 -1.0  1.0  -2.0     
0.0  0.0 1.0  1.0  -2.0     
0.0  1.0 1.0  -1.0  -2.0     

1.0  0.0 0.0 
0.0  0.0 -1.0  1.0  -2.0     
0.0  1.0 -1.0  -1.0  -2.0     
1.0  1.0 -1.0  -1.0  0.0
1.0  0.0 0.0      
0.0  0.0 -1.0  1.0  -2.0     
1.0  0.0 -1.0  1.0  0.0     
1.0  1.0 -1.0  -1.0  0.0 
    
-1.0  0.0 0.0		
1.0  0.0 1.0  1.0  -2.0     
1.0  1.0 1.0  -1.0  -2.0     
0.0  1.0 1.0  -1.0  0.0   
-1.0  0.0 0.0 
1.0  0.0 1.0  1.0  -2.0     
0.0  0.0 1.0  1.0  0.0     
0.0  1.0 1.0  -1.0  0.0
0.0  -1.0 0.0
0.0  0.0  -1.0  -1.0  -2.0     
0.0  1.0  -1.0  -1.0  0.0     
1.0  1.0  1.0  -1.0  0.0   
0.0  -1.0 0.0  
0.0  0.0  -1.0  -1.0  -2.0     
1.0  0.0  1.0  -1.0  -2.0     
1.0  1.0  1.0  -1.0  0.0 

8
0.0  0.0 1.0 
0.0  0.0   -1.0  1.0  0.0     
0.0  1.0 -1.0  -1.0  0.0     
1.0  1.0 1.0  -1.0  0.0 
0.0  0.0 1.0    
0.0  0.0 -1.0  1.0  0.0     
1.0  0.0 1.0  1.0  0.0     
1.0  1.0 1.0  -1.0  0.0     

0.0  0.0 -1.0    
1.0  0.0 -1.0  1.0  -2.0     
1.0  1.0 -1.0  -1.0  -2.0     
0.0  1.0 1.0  -1.0  -2.0 
0.0  0.0 -1.0       
1.0  0.0 -1.0  1.0  -2.0     
0.0  0.0 1.0  1.0  -2.0     
0.0  1.0 1.0  -1.0  -2.0 

-1.0  0.0 0.0		
1.0  0.0 1.0  1.0  -2.0     
1.0  1.0 1.0  -1.0  -2.0     
0.0  1.0 1.0  -1.0  0.0   
-1.0  0.0 0.0 
1.0  0.0 1.0  1.0  -2.0     
0.0  0.0 1.0  1.0  0.0     
0.0  1.0 1.0  -1.0  0.0
0.0  -1.0 0.0
0.0  0.0  -1.0  -1.0  -2.0     
0.0  1.0  -1.0  -1.0  0.0     
1.0  1.0  1.0  -1.0  0.0   
0.0  -1.0 0.0  
0.0  0.0  -1.0  -1.0  -2.0     
1.0  0.0  1.0  -1.0  -2.0     
1.0  1.0  1.0  -1.0  0.0 
 
8
0.0  0.0 1.0 
0.0  0.0   -1.0  1.0  0.0     
0.0  1.0 -1.0  -1.0  0.0     
1.0  1.0 1.0  -1.0  0.0 
0.0  0.0 1.0    
0.0  0.0 -1.0  1.0  0.0     
1.0  0.0 1.0  1.0  0.0     
1.0  1.0 1.0  -1.0  0.0     

0.0  0.0 -1.0    
1.0  0.0 -1.0  1.0  -2.0     
1.0  1.0 -1.0  -1.0  -2.0     
0.0  1.0 1.0  -1.0  -2.0 
0.0  0.0 -1.0       
1.0  0.0 -1.0  1.0  -2.0     
0.0  0.0 1.0  1.0  -2.0     
0.0  1.0 1.0  -1.0  -2.0     

1.0  0.0 0.0 
0.0  0.0 -1.0  1.0  -2.0     
0.0  1.0 -1.0  -1.0  -2.0     
1.0  1.0 -1.0  -1.0  0.0
1.0  0.0 0.0      
0.0  0.0 -1.0  1.0  -2.0     
1.0  0.0 -1.0  1.0  0.0     
1.0  1.0 -1.0  -1.0  0.0
0.0  -1.0 0.0
0.0  0.0  -1.0  -1.0  -2.0     
0.0  1.0  -1.0  -1.0  0.0     
1.0  1.0  1.0  -1.0  0.0   
0.0  -1.0 0.0  
0.0  0.0  -1.0  -1.0  -2.0     
1.0  0.0  1.0  -1.0  -2.0     
1.0  1.0  1.0  -1.0  0.0  

10
0.0  0.0 1.0 
0.0  0.0   -1.0  1.0  0.0     
0.0  1.0 -1.0  -1.0  0.0     
1.0  1.0 1.0  -1.0  0.0 
0.0  0.0 1.0    
0.0  0.0 -1.0  1.0  0.0     
1.0  0.0 1.0  1.0  0.0     
1.0  1.0 1.0  -1.0  0.0 

 1.0  0.0 0.0 
  0.0  0.0   -1.0  1.0  -2.0 
  0.0  1.0   -1.0  -1.0  -2.0 
  1.0  1.0   -1.0  -1.0  0.0 
 1.0  0.0 0.0 
  0.0  0.0   -1.0  1.0  -2.0 
  1.0  0.0   -1.0  1.0  0.0 
  1.0  1.0   -1.0  -1.0  0.0 

 -1.0  0.0 0.0 
  1.0  0.0   1.0  1.0  -2.0 
  1.0  1.0   1.0  -1.0  -2.0 
  0.0  1.0   1.0  -1.0  0.0 
 -1.0  0.0 0.0 
  1.0  0.0   1.0  1.0  -2.0 
  0.0  0.0   1.0  1.0  0.0 
  0.0  1.0   1.0  -1.0  0.0 

-1.0  0.0 0.0  
1.0  0.0    -1.0  1.0  0  
1.0  1.0    -1.0  -1.0  -2.0  
0.0  1.0    1.0  -1.0  -2.0  
-1.0  0.0 0.0  
1.0  0.0    -1.0  1.0  0.0  
0.0  0.0    1.0  1.0  0.0  
0.0  1.0    1.0  -1.0  -2.0

0.0  -1.0 0.0
0.0  0.0  -1.0  -1.0  -2.0     
0.0  1.0  -1.0  -1.0  0.0     
1.0  1.0  1.0  -1.0  0.0   
0.0  -1.0 0.0  
0.0  0.0  -1.0  -1.0  -2.0     
1.0  0.0  1.0  -1.0  -2.0     
1.0  1.0  1.0  -1.0  0.0   

0

12
0.0  0.0 1.0 
0.0  0.0   -1.0  1.0  0.0     
0.0  1.0 -1.0  -1.0  0.0     
1.0  1.0 1.0  -1.0  0.0 
0.0  0.0 1.0    
0.0  0.0 -1.0  1.0  0.0     
1.0  0.0 1.0  1.0  0.0     
1.0  1.0 1.0  -1.0  0.0     

0.0  0.0 -1.0    
1.0  0.0 -1.0  1.0  -2.0     
1.0  1.0 -1.0  -1.0  -2.0     
0.0  1.0 1.0  -1.0  -2.0 
0.0  0.0 -1.0       
1.0  0.0 -1.0  1.0  -2.0     
0.0  0.0 1.0  1.0  -2.0     
0.0  1.0 1.0  -1.0  -2.0     

1.0  0.0 0.0 
0.0  0.0 -1.0  1.0  -2.0     
0.0  1.0 -1.0  -1.0  -2.0     
1.0  1.0 -1.0  -1.0  0.0
1.0  0.0 0.0      
0.0  0.0 -1.0  1.0  -2.0     
1.0  0.0 -1.0  1.0  0.0     
1.0  1.0 -1.0  -1.0  0.0 
    
-1.0  0.0 0.0		
1.0  0.0 1.0  1.0  -2.0     
1.0  1.0 1.0  -1.0  -2.0     
0.0  1.0 1.0  -1.0  0.0   
-1.0  0.0 0.0 
1.0  0.0 1.0  1.0  -2.0     
0.0  0.0 1.0  1.0  0.0     
0.0  1.0 1.0  -1.0  0.0     

0.0  1.0 0.0 
0.0  0.0 -1.0  1.0  -2.0     
0.0  1.0 -1.0  1.0  0.0     
1.0  1.0 1.0  1.0  0.0 
0.0  1.0 0.0     
0.0  0.0 -1.0  1.0  -2.0     
1.0  0.0 1.0  1.0  -2.0     
1.0  1.0 1.0  1.0  0.0   

0.0  -1.0 0.0
0.0  0.0  -1.0  -1.0  -2.0     
0.0  1.0  -1.0  -1.0  0.0     
1.0  1.0  1.0  -1.0  0.0   
0.0  -1.0 0.0  
0.0  0.0  -1.0  -1.0  -2.0     
1.0  0.0  1.0  -1.0  -2.0     
1.0  1.0  1.0  -1.0  0.0 
